index;x;y;z
0;0.001794;-0.000960;0.005187
1;0.001066;-0.000856;0.005019
2;0.001947;-0.001454;0.005029
3;0.001136;-0.000905;0.004019
4;0.000677;0.000191;0.004824
5;0.000954;-0.000292;0.003875
6;0.001214;-0.002034;0.006358
7;0.001105;-0.000260;0.004064
8;-0.000004;-0.000308;0.006002
9;-0.000398;-0.001383;0.005284
10;0.001714;0.001218;0.005407
11;0.000648;-0.000065;0.003209
12;-0.000739;-0.000589;0.003803
13;-0.001208;-0.000593;0.005297
14;-0.000017;-0.001609;0.003648
15;-0.000107;0.001378;0.005342
16;-0.001288;0.000946;0.003983
17;-0.000622;-0.000573;0.003813
18;0.000522;-0.000794;0.004637
19;-0.001132;-0.000213;0.004041
20;0.000647;0.000456;0.004758
21;0.002086;-0.008014;0.009071
22;0.000190;0.000267;0.006200
23;-0.003442;-0.000977;0.003343
24;-0.010318;-0.002224;0.091543
25;-0.019725;-0.007593;-0.063339
26;-0.015410;0.030032;-0.010480
27;0.000362;-0.032345;-0.014758
28;0.026244;0.001235;0.013817
29;0.067105;-0.033967;-0.074786
30;-0.034083;-0.020724;0.023646
31;-0.006882;0.000174;0.020722
32;-0.006305;-0.003637;0.001320
33;-0.012325;-0.002579;0.001309
34;0.024446;-0.003376;-0.003332
35;-0.007401;0.005392;-0.030882
36;-0.004538;0.001518;-0.021797
37;0.013601;-0.000241;-0.044230
38;-0.005919;-0.003037;-0.022332
39;0.022866;0.086325;-0.237667
40;-0.006899;0.025968;-0.124536
41;0.053124;0.066900;0.155376
42;-0.023206;-0.071321;-0.034841
43;0.037338;0.010073;0.041938
44;-0.002941;-0.014904;-0.020728
45;-0.000566;0.006567;0.061380
46;0.000811;0.006055;0.076976
47;-0.002813;-0.000282;0.072187
48;0.002280;0.001411;0.048536
49;-0.007184;-0.000365;0.003789
50;0.006371;0.002019;-0.013136
51;-0.005768;-0.001154;-0.039076
52;-0.000354;-0.001780;-0.036563
53;-0.006161;0.007193;-0.017107
54;-0.010292;0.002482;0.022790
55;-0.002506;0.000785;0.042400
56;-0.007568;0.002367;0.043920
57;0.001145;0.000887;0.009545
58;0.000072;0.003175;0.005319
59;-0.003554;0.001254;0.004709
60;-0.003315;-0.003820;0.009001
61;-0.004983;0.006035;0.005231
62;0.005426;-0.007949;0.001670
63;-0.003209;0.001389;0.005513
64;0.006736;0.001644;0.017002
65;0.004722;-0.008791;0.023317
66;-0.006048;0.004099;-0.008582
67;0.000788;0.000962;0.010141
68;0.001285;0.000449;0.003271
69;-0.002326;-0.001357;0.001889
70;-0.004139;0.000256;0.005567
71;-0.005435;-0.003594;0.004914
72;0.006196;0.008923;-0.001298
73;-0.004494;-0.002702;-0.001202
74;0.002764;0.001314;-0.021956
75;-0.003040;0.000596;-0.028226
76;0.006137;0.000003;0.023959
77;0.001994;-0.000152;0.036009
78;0.001816;-0.016824;0.011895
79;-0.007582;0.000564;0.002606
80;0.007331;-0.009396;0.005920
81;-0.008517;0.000546;0.028519
82;-0.000380;0.000621;0.015478
83;-0.002755;0.002765;0.012048
84;-0.006951;-0.001476;-0.001338
85;0.005833;-0.004024;-0.009453
86;-0.002591;0.000648;-0.044439
87;0.003208;0.000433;-0.050404
88;-0.000937;-0.006873;-0.023077
89;-0.006318;0.051714;0.041788
90;0.035544;-0.087916;0.298663
91;-0.005808;-0.034571;-0.000578
92;-0.021052;0.048820;0.012675
93;0.049261;-0.100352;-0.065981
94;-0.064499;0.076367;-0.103458
95;0.060723;-0.039011;-0.011325
96;-0.015658;0.064215;-0.227242
97;-0.006232;-0.089536;-0.067736
98;0.011542;0.000279;-0.055321
99;0.014673;0.064943;-0.058135
100;-0.002999;-0.024580;-0.060776
101;0.006825;0.000557;-0.016168
102;0.011456;0.049888;-0.025407
103;0.006586;-0.022919;0.054441
104;-0.014770;0.003804;-0.067605
105;-0.004457;-0.000530;0.021708
106;-0.010163;0.000559;0.020726
107;-0.005318;0.002383;0.080416
108;-0.003839;0.002882;0.048139
109;-0.000846;0.008042;0.075239
110;0.008000;-0.003429;0.084369
111;-0.004762;0.010759;0.068487
112;-0.001163;-0.002129;0.098191
113;-0.010826;0.007712;0.145230
114;-0.000947;0.001628;0.124481
115;-0.012024;0.005844;0.106240
116;-0.010984;-0.001884;0.072535
117;-0.008687;0.002702;0.073192
118;-0.000872;0.002303;0.073773
119;-0.005291;-0.002506;0.047059
120;-0.005362;0.001435;0.008424
121;0.001815;0.004395;0.063479
122;-0.008725;0.002191;-0.036244
123;0.000626;0.001244;0.061911
124;-0.007522;-0.014874;-0.046373
125;-0.002132;0.004014;0.093065
126;0.000566;-0.001023;0.013567
127;-0.009690;0.003041;0.011222
128;-0.008696;-0.003218;0.003871
129;-0.002600;0.007534;0.042083
130;-0.005041;-0.008002;0.034323
131;-0.017235;0.010236;-0.022738
132;0.011129;-0.003600;0.042297
133;-0.012128;-0.009472;0.018269
134;-0.002125;0.018044;0.039544
135;0.008771;-0.008142;0.022144
136;-0.004401;0.003482;-0.004743
137;-0.001057;-0.009021;0.013831
138;0.009029;0.002098;0.003104
139;-0.011400;0.001749;-0.012508
140;0.001108;-0.006463;-0.021257
141;-0.006718;0.010100;-0.028464
142;-0.004828;-0.000727;-0.060748
143;-0.007252;0.009657;-0.118953
144;-0.006223;-0.029240;-0.122661
145;-0.001651;0.001292;-0.228103
146;-0.001498;0.005118;-0.220134
147;0.010512;0.003117;-0.209467
148;-0.009924;-0.005541;-0.181136
149;0.004681;-0.001916;-0.118748
150;0.006019;0.004169;-0.100465
151;0.001195;0.001923;-0.055353
152;-0.000140;0.016675;-0.025905
153;0.003836;0.001235;-0.017578
154;0.009866;0.004842;-0.043928
155;0.005416;-0.000108;-0.036885
156;-0.004050;0.015051;-0.046768
157;-0.012359;0.002095;-0.005237
158;-0.000489;0.001585;0.050351
159;-0.014950;-0.000648;0.078454
160;-0.011078;-0.004399;0.126199
161;0.001298;0.006055;0.188732
162;-0.014779;0.003111;0.256343
163;-0.007957;-0.004286;0.337804
164;-0.002273;0.004426;0.340891
165;-0.014921;0.003833;0.322877
166;-0.003450;-0.002025;0.221727
167;0.001336;0.005748;0.150750
168;-0.011662;0.003237;0.039385
169;-0.006211;-0.028933;0.016612
170;-0.008154;0.015616;-0.071992
171;-0.007807;-0.009184;0.023492
172;-0.001382;-0.000502;-0.123567
173;-0.006233;0.001628;-0.081033
174;0.002841;0.004123;-0.028447
175;-0.004047;-0.019179;-0.101794
176;0.005189;0.002469;-0.000514
177;-0.013736;-0.004256;-0.029392
178;-0.002368;0.000438;-0.049875
179;-0.008718;0.000248;-0.062589
180;0.015103;-0.000043;-0.008011
181;0.004577;0.002013;-0.006484
182;0.006561;-0.000709;-0.042280
183;-0.001572;0.001532;-0.026912
184;-0.009650;-0.002099;-0.115374
185;-0.001489;-0.002689;-0.095496
186;-0.003617;0.002656;-0.153394
187;-0.002637;-0.002436;-0.192287
188;-0.002774;-0.000144;-0.253752
189;0.002142;-0.006184;-0.201794
190;-0.003806;0.001012;-0.185561
191;-0.007559;-0.003302;-0.114040
192;-0.009369;-0.001460;-0.116164
193;-0.006613;0.001559;-0.039375
194;0.004603;0.006351;-0.034458
195;0.004171;-0.005941;-0.036956
196;-0.002017;0.005474;-0.016354
197;-0.009733;-0.014496;-0.059831
198;-0.001496;0.016414;0.045224
199;-0.012446;-0.013683;-0.029196
200;0.002984;-0.016008;0.091250
201;-0.003898;0.004468;0.082206
202;-0.006569;-0.009509;0.158261
203;0.010106;0.004800;0.228171
204;-0.008153;0.002812;0.325822
205;0.002066;0.001263;0.375584
206;-0.015784;0.030978;0.311463
207;-0.014954;0.016272;0.320797
208;0.000570;-0.015492;0.161513
209;-0.012465;0.039716;0.110903
210;-0.004011;-0.015446;0.007490
211;0.002118;0.000633;-0.042330
212;-0.002294;0.000712;0.027908
213;-0.005353;0.013227;-0.065262
214;-0.003716;-0.021095;-0.077310
215;-0.003953;0.002326;-0.109441
216;0.003698;-0.009127;0.009396
217;-0.002573;0.019971;-0.046020
218;-0.003981;-0.011789;0.030985
219;-0.003740;0.008239;-0.029022
220;0.016148;-0.004352;0.021611
221;-0.002916;-0.004038;-0.036829
222;-0.015871;0.010244;-0.098858
223;0.009559;-0.005772;-0.061214
224;-0.012015;0.009608;-0.173795
225;0.008018;0.000245;-0.109375
226;0.010977;-0.000734;-0.194217
227;-0.008926;0.005774;-0.237297
228;0.003174;0.004615;-0.244548
229;-0.001760;0.010562;-0.162320
230;-0.000229;-0.013654;-0.147003
231;0.000145;0.008775;-0.096624
232;0.003935;-0.014502;-0.078312
233;-0.006012;0.008998;-0.061382
234;0.002224;0.003030;-0.069096
235;-0.003083;0.006025;-0.034206
236;-0.006385;0.000606;-0.022274
237;0.004089;0.009397;-0.011368
238;-0.004336;-0.004066;-0.020294
239;-0.005688;0.006258;0.065297
240;0.001480;-0.010839;0.056901
241;-0.009093;0.009191;0.144122
242;0.005841;0.000956;0.215120
243;0.000713;0.011740;0.381257
244;-0.016227;-0.007480;0.362739
245;-0.015732;0.011965;0.364722
246;0.004361;-0.012594;0.244095
247;0.006429;-0.000758;0.270943
248;-0.022177;0.022417;0.041385
249;0.004769;-0.015408;0.052610
250;0.024024;-0.003975;-0.013989
251;-0.004285;-0.007808;-0.019109
252;-0.009942;0.009749;-0.003826
253;-0.015098;-0.008776;-0.134117
254;-0.008228;0.001792;-0.017799
255;-0.004533;0.005678;-0.045625
256;0.005099;-0.000967;-0.068614
257;-0.014270;0.011571;-0.002146
258;-0.003250;-0.003085;-0.079992
259;-0.011559;-0.019820;-0.076730
260;-0.006179;-0.001405;-0.136233
261;0.001077;-0.004045;-0.096855
262;0.008120;0.002839;-0.181446
263;-0.007881;-0.015606;-0.231675
264;-0.000843;0.002128;-0.242266
265;0.002766;-0.008489;-0.229902
266;-0.014752;0.002860;-0.182657
267;-0.000589;0.003568;-0.120661
268;-0.003963;0.002396;-0.061386
269;-0.009091;-0.000982;-0.037499
270;-0.009954;0.002509;-0.041125
271;0.001029;-0.002933;-0.067251
272;-0.009444;0.005060;-0.044167
273;0.008666;-0.004132;-0.053723
274;-0.011363;0.007633;-0.043043
275;0.000608;-0.005661;-0.012927
276;-0.000187;0.008499;0.012681
277;-0.006945;0.008206;0.025856
278;-0.011829;-0.007601;0.098145
279;-0.001507;0.014768;0.184337
280;-0.006014;0.003350;0.351699
281;-0.003472;0.002394;0.424075
282;-0.013633;0.011841;0.382769
283;-0.012064;0.007897;0.333159
284;0.001130;-0.029141;0.254189
285;-0.017447;0.045277;0.152160
286;0.006751;-0.011663;0.061610
287;0.002975;0.008789;0.054621
288;0.011394;0.022767;-0.079798
289;-0.011973;-0.018484;-0.055101
290;0.009622;0.002519;-0.000940
291;0.018296;0.026532;0.029772
292;-0.015080;-0.006363;-0.030665
293;-0.006602;0.009865;-0.098158
294;-0.013533;-0.005341;-0.054123
295;0.007021;0.004902;-0.071241
296;-0.000798;-0.000067;-0.007705
297;-0.005370;-0.002818;-0.092881
298;0.005384;0.007348;-0.026058
299;0.006389;0.002292;-0.094231
300;-0.004373;-0.017450;-0.198116
301;-0.001102;0.002804;-0.202786
302;0.004796;-0.010261;-0.243957
303;-0.003161;0.009936;-0.242996
304;-0.001907;-0.006410;-0.228126
305;0.006363;0.007994;-0.151520
306;-0.007013;-0.004142;-0.126684
307;-0.002244;0.003673;-0.095523
308;-0.001710;0.001622;-0.068008
309;-0.003875;0.001932;-0.050330
310;-0.004459;0.005477;-0.008211
311;0.003114;0.002829;-0.055144
312;-0.009491;0.001939;0.004682
313;-0.002197;-0.004994;-0.003148
314;0.000369;0.005295;0.017353
315;-0.003138;0.000869;0.040275
316;-0.002641;-0.005800;0.130754
317;-0.005419;0.004228;0.213598
318;-0.000533;-0.000907;0.414759
319;-0.001692;0.005314;0.444304
320;-0.010511;-0.001524;0.394685
321;-0.010368;0.006321;0.347147
322;0.006193;0.004863;0.286820
323;-0.016581;0.019440;0.094823
324;-0.006321;0.004753;0.030080
325;0.021582;-0.018801;0.005428
326;-0.004404;0.000598;0.010992
327;-0.015198;-0.008761;-0.052004
328;-0.005622;0.002644;0.035795
329;0.021075;0.021567;-0.025815
330;0.002718;-0.005240;-0.018796
331;-0.007063;-0.027360;-0.154508
332;0.017800;-0.007967;-0.066127
333;-0.009138;0.004471;-0.067735
334;0.005325;-0.001700;-0.069035
335;0.002702;0.003319;-0.043852
336;-0.016524;-0.002633;-0.110913
337;0.010341;-0.002496;-0.104044
338;-0.012877;0.011155;-0.204931
339;0.005736;-0.008195;-0.304878
340;0.014202;0.002621;-0.249760
341;-0.009544;-0.011910;-0.294419
342;-0.015545;0.009998;-0.161625
343;0.009371;-0.003565;-0.101461
344;-0.001921;0.027610;-0.069624
345;-0.002322;-0.010714;-0.043544
346;0.003993;-0.000792;-0.061714
347;-0.001624;0.001307;-0.025301
348;-0.005381;0.005355;-0.042716
349;0.003485;0.003136;-0.039737
350;-0.000859;0.015249;-0.030697
351;0.003773;-0.017727;0.034389
352;-0.002560;-0.005056;0.065750
353;0.000834;0.000826;0.236480
354;-0.003031;-0.006594;0.420903
355;-0.007416;0.022711;0.475815
356;-0.014632;-0.007043;0.415333
357;-0.008803;0.014771;0.366903
358;0.004808;-0.001200;0.314385
359;-0.008500;-0.000308;0.131534
360;-0.008239;0.014780;0.075540
361;0.013944;-0.024588;-0.008791
362;0.000878;-0.007373;-0.031863
363;-0.012646;0.011880;-0.027650
364;0.008241;-0.005828;-0.066784
365;0.008416;0.016035;-0.021155
366;-0.011200;-0.051377;-0.065214
367;-0.009613;0.026264;-0.054231
368;-0.004399;-0.018688;-0.062651
369;-0.004243;0.002952;-0.077338
370;0.000311;0.010781;0.003230
371;-0.017556;-0.012853;-0.113812
372;-0.007055;-0.006956;-0.062853
373;0.003004;0.004594;-0.128071
374;0.009163;0.002111;-0.149015
375;0.010371;0.000863;-0.208060
376;0.001040;0.002406;-0.228799
377;-0.003024;-0.000167;-0.236272
378;0.000919;-0.000931;-0.168321
379;-0.003918;-0.003232;-0.130327
380;0.001384;0.006267;-0.098179
381;-0.011741;0.001830;-0.100262
382;0.002413;0.003029;-0.053798
383;0.008947;-0.014726;-0.028768
384;-0.014634;-0.000064;-0.019196
385;-0.001437;0.008344;-0.014689
386;0.002591;-0.009463;-0.027426
387;-0.018842;0.010053;-0.021136
388;0.011661;-0.016944;0.065493
389;0.002109;0.010981;0.026388
390;-0.011460;-0.004376;0.030105
391;0.001448;-0.009521;0.075811
392;0.002585;0.019554;0.152897
393;-0.005706;0.001915;0.341563
394;-0.004918;-0.004743;0.393653
395;-0.008934;0.015552;0.385447
396;-0.010339;0.012726;0.318848
397;0.004502;0.012669;0.310613
398;-0.000212;0.001688;0.150279
399;-0.005710;0.007834;0.056419
400;0.002885;0.001382;0.020973
401;-0.005077;-0.008632;-0.106850
402;-0.002339;0.011889;-0.041836
403;0.006095;-0.005936;-0.020721
404;-0.001427;-0.007678;-0.175742
405;-0.003237;-0.011755;-0.010633
406;0.006953;-0.008928;0.014860
407;-0.013756;0.009281;-0.068394
408;0.002261;-0.012827;0.045258
409;-0.014665;0.027289;-0.072467
410;0.000095;0.013534;0.022040
411;-0.001438;0.001520;-0.055260
412;-0.008078;0.012905;-0.155619
413;-0.002136;-0.005392;-0.173198
414;0.004614;0.002759;-0.223707
415;0.004807;-0.000683;-0.253858
416;-0.001257;-0.008251;-0.257544
417;0.006729;0.014887;-0.223255
418;-0.004446;0.000451;-0.177881
419;0.000160;0.000498;-0.132571
420;0.000933;0.000059;-0.084188
421;0.000950;0.006258;-0.071926
422;-0.003071;0.000128;-0.044477
423;0.005787;-0.010366;-0.031209
424;-0.006235;0.010104;-0.050466
425;0.002923;-0.008200;-0.047324
426;-0.001878;0.006221;-0.010850
427;-0.002041;0.000738;-0.043421
428;-0.004619;0.001518;-0.005332
429;0.001524;0.003423;-0.000824
430;0.003412;-0.004157;0.113486
431;-0.014225;0.021728;0.223005
432;-0.004915;-0.007990;0.387045
433;-0.011844;0.018404;0.426570
434;-0.002464;-0.024439;0.435194
435;-0.018326;0.046268;0.354585
436;0.021846;-0.055377;0.282421
437;-0.007956;0.038266;0.105530
438;-0.010776;-0.006333;0.107228
439;0.018684;-0.018065;0.011003
440;0.001502;0.001594;0.056491
441;-0.013418;0.015874;-0.041500
442;-0.005407;-0.013970;-0.032389
443;0.004391;0.050658;0.015560
444;0.011992;-0.049930;-0.105320
445;-0.014668;0.047502;-0.068106
446;0.007335;0.003357;-0.051420
447;0.004822;0.002754;-0.063278
448;-0.012414;0.010213;-0.054771
449;0.001826;0.002286;-0.082362
450;0.003793;0.005657;-0.055192
451;0.001210;0.006204;-0.164032
452;0.003547;-0.002899;-0.172156
453;-0.006353;0.004577;-0.239689
454;0.007839;-0.010275;-0.222194
455;-0.008566;0.002133;-0.214832
456;-0.001543;-0.003488;-0.164584
457;-0.000377;0.004804;-0.103908
458;-0.003601;0.002205;-0.101662
459;-0.007377;0.012584;-0.067435
460;-0.008040;-0.016389;-0.074263
461;-0.001539;0.006559;-0.033114
462;-0.002710;-0.015190;-0.038316
463;-0.002742;-0.002358;-0.043095
464;0.001335;0.010134;-0.019230
465;-0.000594;0.006778;-0.032215
466;0.003918;-0.006971;-0.000436
467;-0.003885;0.017936;-0.044735
468;0.001994;-0.003387;0.044539
469;0.003559;-0.003648;0.052063
470;-0.011349;-0.001636;0.120600
471;0.004091;-0.000890;0.203110
472;0.006930;0.013125;0.268842
473;-0.004550;-0.006716;0.298288
474;0.003082;-0.020053;0.312814
475;-0.001681;0.015269;0.298021
476;0.003478;-0.013266;0.169929
477;-0.010127;0.025431;0.148244
478;-0.003415;0.001761;0.102563
479;0.006765;-0.008180;0.088324
480;-0.006840;0.002746;0.018886
481;0.004276;0.004958;0.065404
482;0.022882;-0.003836;-0.012391
483;-0.017721;-0.013855;0.011369
484;0.002572;-0.007387;-0.010141
485;-0.012199;-0.005855;0.023613
486;0.016181;0.001138;0.007307
487;0.000053;0.007597;-0.026210
488;0.006753;0.011235;0.015625
489;0.003313;0.003766;-0.051671
490;0.009871;-0.008129;-0.006967
491;-0.011519;0.003478;-0.053724
492;-0.001011;0.003182;-0.018020
493;-0.003756;-0.011182;-0.005647
494;-0.000272;0.007915;-0.029425
495;-0.001127;-0.011491;-0.020075
496;-0.003515;0.002527;-0.055955
497;0.003729;-0.010775;-0.062990
498;0.000284;0.000679;-0.074568
499;-0.007752;-0.002956;-0.070725
500;-0.002526;0.008755;-0.021665
501;-0.120993;0.177799;-0.234725
502;-0.002459;0.017064;-0.028298
503;0.003172;-0.038988;-0.066573
504;-0.033151;-0.051660;-0.126347
505;-0.057165;0.091774;-0.014524
506;-0.011566;-0.059363;0.045846
507;0.051259;0.005607;0.074487
508;0.005271;-0.045527;0.074658
509;0.026865;0.029064;0.013046
510;-0.002510;0.009519;-0.021187
511;-0.008482;0.002459;-0.025841
512;0.004947;-0.004875;-0.009696
513;-0.008724;0.020308;-0.020406
514;0.009990;-0.025821;-0.019721
515;-0.012520;0.014856;-0.033476
516;0.004466;0.000044;-0.009203
517;-0.008594;0.003737;0.008604
518;0.002396;0.001483;0.009681
519;-0.009441;-0.013852;0.015871
520;-0.026269;0.029666;-0.041692
521;-0.012969;-0.022385;0.000735
522;-0.002966;0.005588;0.013219
523;-0.012318;0.005629;0.027558
524;0.009622;-0.005491;0.023753
525;-0.014600;0.007299;-0.000070
526;0.020433;-0.024746;0.062498
527;-0.061595;0.009354;-0.058193
528;0.098749;0.413445;0.139186
529;0.036597;-0.031863;0.039173
530;-0.011418;-0.015440;0.116091
531;0.002694;-0.185515;-0.137688
532;-0.112489;-0.053944;-0.077452
533;0.025909;-0.106882;0.032767
534;-0.008257;0.040312;-0.055350
535;-0.007838;-0.022127;0.022786
536;-0.074614;0.013245;-0.010977
537;-0.044935;-0.027937;-0.003213
538;-0.070534;0.019709;-0.014258
539;-0.019136;0.042788;0.008324
540;0.014398;-0.036485;-0.000343
541;-0.000046;0.019205;0.088644
542;-0.025087;-0.023755;-0.388631
543;0.008716;0.008341;0.038308
544;-0.011724;0.004180;-0.028715
545;0.011530;-0.006813;0.009722
546;-0.009443;0.010242;0.002092
547;0.009415;0.003152;0.013924
548;-0.004081;-0.006487;-0.002655
549;-0.008827;0.002563;-0.000827
550;0.001925;0.014390;0.010124
551;-0.013761;-0.011254;-0.010073
552;-0.008753;-0.025267;-0.000421
553;-0.000426;0.000024;0.001684
554;0.004054;-0.006504;0.002316
555;-0.001622;0.001814;0.012345
556;0.004570;-0.005978;0.008721
557;-0.003902;0.003275;0.000574
558;-0.003474;0.005117;-0.002694
559;-0.003410;0.006021;0.002736
560;-0.002954;0.006324;0.002043
561;-0.007230;0.000133;-0.002302
562;0.002611;0.000346;0.004149
563;-0.004979;-0.003707;0.002861
